-92.1833 25.8583
-92.0587 23.0455
-92.0433 23.03
-73.792 24.478
-73.792 24.478
-73.641 24.7265
-73.641 24.7265
-67.6477 30.8398
-67.6477 30.8398
-68.2967 30.134
-68.2967 30.134
-52.2153 32.8622
-44.7467 29.943
-44.7467 29.9433
-26.0005 19.6955
-26.0005 19.6955
-26.0005 19.6955
-26 19.695
-26 19.695
-67.5533 35.3833
-67.5533 35.3833
-59.195 32.7733
-59.195 32.7733
-18.2285 6.04
-18.2285 6.04
-20.941 -28.3315
-17.9832 -30.8897
-15.7132 -30.3358
-6.6025 -28.0457
-6.6025 -28.0457
-6.6025 -28.0457
-8.0117 -27.9787
-23.6772 -28.5347
-26.843 -28.5262
-26.8455 -28.5245
-26.8455 -28.5245
-26.8455 -28.5245
-30.5975 -28.585
-30.5975 -28.585
-35.25 -30.0052
-31.0433 -6.1458
-30.8922 -6.2717
-30.891 -6.2763
-39.24 -0.5167
-39.24 -0.5167
-44.0428 10.8925
-44.0428 10.8925
-56.8793 15.8565
-56.8793 15.8565
-65.6222 20.5865
-69.3227 14.7852
-69.3227 14.7852
-69.3227 14.7852
-69.3227 14.7852
-63.3833 12.882
-72.0272 14.9433
-127.556 37.1272
-127.497 39.4747
-127.276 39.4702
-127.475 40.6737
-127.52 40.8392
-130.11 40.9847
-140.719 40.979
-140.355 38.702
-139.572 32.8047
-139.901 19.7928
-140.048 19.8542
-140.189 13.8427
-140.189 13.8427
-151.375 17.1098
-169.015 19.3083
-178.508 24.265
-178.508 24.265
171.438 27.8833
157.712 32.4483
157.712 32.4483
157.712 32.4483
158.022 32.4083
158.022 32.4083
158.022 32.4083
156.6 32.4017
156.6 32.4017
156.572 32.4033
156.572 32.4033
153.405 33.475
153.405 33.475
147.13 27.7717
141.192 18.0333
141.192 18.0333
141.192 18.0333
140.302 15.61
142.535 9.3017
143.56 8.3733
143.56 8.3733
143.56 8.3733
143.533 8.6817
143.533 8.6817
143.533 8.6817
144.418 9.235
144.418 9.235
144.418 9.235
147.582 11.78
147.582 11.78
147.582 11.78
145.698 13.6667
147.062 12.0837
147.062 12.0837
141.938 1.87
141.938 1.87
147.89 0.8355
147.89 0.8355
147.89 0.8355
158.61 -1.7422
158.61 -1.7422
176.986 4.3535
176.986 4.3535
-166.122 2.3935
-166.122 2.3768
-157.648 24.376
-157.648 24.376
-164.173 16.722
-164.173 16.722
-152.865 6
-152.865 6
-140.362 6.3347
-140.362 6.3347
-140.362 6.3347
-140.315 4.4713
-140.315 4.4713
-138.867 0.4415
-138.867 0.4415
-137.469 -1.9097
-136.097 -6.2367
-134.267 -12.5167
-134.267 -12.5167
-145.661 -14.0983
-145.661 -14.0983
-133.228 0.4817
-133.228 0.4817
-133.228 0.4817
-133.228 0.4817
-127.356 7.95
-121.567 2.5503
-121.567 2.5503
-121.554 -0.962
-121.554 -0.962
-113.809 1.4415
-106.942 2.5913
-106.942 2.5913
-95.7375 4.0467
-95.7375 4.0467
-82.8882 5.7487
-91.4228 22.8415
-91.4228 22.8415
-90.9625 22.8747
-92.086 23.015
-94.0035 21.3822
-95.1122 20.8902
-94.7682 23.7967
-93.3462 23.7733
-91.8215 25.8448
-91.4797 22.6208
-88.4693 24.5273
-86.3975 24.15
-85.7633 23.7427
-84.4457 23.8842
-73.7997 24.6878
-74.4385 25.1988
-74.4385 25.1988
-74.4523 30.7322
-74.5832 30.4513
-74.3273 30.8275
-69.1733 34.8953
-69.4615 36.4335
-69.4615 36.4335
-69.4302 36.4213
-72.4753 38.6598
-72.6535 38.8045
-77.3113 25.3825
-73.8498 23.6857
-73.8498 23.6857
-46.3675 50.4262
-46.3675 50.4262
-46.604 54.0167
-46.604 54.0167
-48.3318 56.79
-26.8 59.9333
-21.1167 58.9067
-15.9243 57.496
-15.9243 57.496
-15.3995 57.3362
-15.3995 57.3362
-9.0105 45.0442
-7.9748 45.0317
-11.4323 36.6898
-4.3738 36.1608
2.6243 40.4478
2.8378 40.6305
4.9948 38.873
20.4293 34.6248
20.4293 34.6248
21.4272 35.162
21.4272 35.162
22.4968 35.7317
22.4968 35.7317
22.4968 35.7317
22.4683 35.7097
27.082 34.3493
27.082 34.3493
27.082 34.3493
27.8665 33.6052
27.8665 33.6052
28.5115 33.1065
28.5115 33.1065
11.4412 40.2617
7.3355 39.1998
7.3042 39.195
7.3042 39.195
7.3042 39.195
7.3042 39.195
7.3042 39.195
7.3042 39.195
-10.4243 35.3467
-16.3032 34.1688
-27.0607 25.9255
-25.5632 25.9228
-18.7043 23.519
-21.792 21.7495
-21.792 21.7495
-23.9985 19.4193
-42.3915 3.3692
-54.3118 9.4742
-54.3118 9.4742
-54.3118 9.4742
-54.3118 9.4742
-54.3118 9.4742
-54.342 9.4538
-54.342 9.4538
-54.342 9.4538
-68.0562 16.579
-69.3778 15.1165
-69.3778 15.1165
-65.1747 10.708
-65.1742 10.7113
-65.1742 10.7113
-65.1742 10.7113
-63.7208 13.4187
-69.3642 15.1042
-69.3558 14.5115
-69.3558 14.5115
-73.4097 15.017
-74.6078 15.8787
-72.4347 13.9722
-80.3792 11.0852
-80.3803 11.0845
-81.0437 6.123
-85.401 -1.68
-85.9028 -1.7617
-85.9028 -1.7617
-85.236 6.6227
-122.288 12.332
-130.88 11.7045
-139.954 10.6708
-139.954 10.6712
-140.044 14.8698
-150.292 11.2443
-150.292 11.2443
-161.517 13.2017
-164.86 8.1783
-164.86 8.1783
-175.08 3.7617
-175.08 3.7617
-176.825 7.0683
173.598 10.7033
173.55 10.67
177.617 11.8
-169.46 19.1317
-133.373 31.5372
-133.373 31.5372
-125.452 39.9618
-126.347 44.8897
-126.357 44.8897
-125.242 44.8367
-124.617 45.9333
-130.205 50.4697
-130.205 50.4697
-147.131 56.9563
-145.989 56.409
-147.856 57.3627
-148.465 57.4383
-148.717 57.8827
-148.723 57.8813
-161.206 52.5717
-170.923 53.7107
-170.923 53.7107
-170.923 53.7107
-169.243 54.4288
-174.006 51.1302
-173.953 51.11
178.659 53.7535
170.223 54.0357
171.64 55.5592
168.179 56.945
168.179 56.945
168.179 56.945
164.714 53.0095
164.714 53.0095
155.871 45.8033
148.811 33.978
146.979 32.7733
146.979 32.7733
146.979 32.7733
148.575 30.1162
147.674 30.2907
154.584 25.8257
154.584 25.8257
156.172 13.513
156.783 12.8367
156.783 12.8367
156.743 12.8315
156.952 12.815
-177.546 -22.1537
-174.111 -24.9545
-174.111 -24.9545
177.899 -25.5165
165.452 -32.0125
165.452 -32.0125
165.452 -32.0125
165.452 -32.0125
165.434 -36.9625
165.434 -36.9625
161.221 -26.1102
152.188 -15.9365
152.188 -15.9365
152.896 -13.7665
102.699 -9.7755
99.2973 -19.189
93.8962 -10.2118
93.8962 -10.2118
88.718 -11.3368
86.7917 -8.1217
90.208 1.4622
90.208 1.4622
90.5388 8.9262
90.5388 8.9262
86.2828 8.007
72.8778 9.0292
72.8778 9.0292
70.9837 6.5162
68.4062 7.9697
61.5093 20.0915
60.1297 18.7497
59.7017 16.5418
38.2518 21.3097
38.0822 21.3418
38.0822 21.3418
38.0822 21.3418
38.0822 21.3418
38.1328 21.331
39.0033 19.086
42.1912 14.7682
42.1912 14.7682
41.8342 15.3167
48.2452 11.8902
51.9145 14.4822
51.9143 14.4827
52.1352 14.328
52.1352 14.328
51.2247 4.4827
51.2247 4.4827
52.694 3.2343
57.6475 -1.677
58.1247 -7.0832
70.526 -11.1535
51.6788 -21.2945
50.0537 -3.4873
50.0537 -3.4873
44.6795 -2.3707
41.8205 -15.8442
41.3998 -22.9082
41.433 -22.9312
52.3018 -31.5337
52.3018 -31.5337
45.1595 -33.6202
45.0113 -33.6255
37.4747 -29.5297
36.077 -29.9498
39.3692 -33.4623
39.3692 -33.4623
49.4858 -36.5042
49.4858 -36.5042
59.2388 -37.0407
87.3662 -24.8775
87.8953 -30.9692
93.7287 -31.1312
100.774 -23.4558
108.35 -30.986
112.474 -33.7948
112.474 -33.7948
112.474 -33.7948
112.696 -29.6175
110.299 -16.1445
117.893 -12.9472
123.846 -10.8698
110.964 -23.3238
112.045 -34.9688
112.045 -34.9688
109.946 -53.5408
110.112 -56.4022
104.488 -59.2623
104.488 -59.2623
104.488 -59.2623
105.156 -63.9498
140.07 -61.6762
140.07 -61.6762
-178.503 -77.4413
-175.048 -76.7212
-176.76 -77.127
174.626 -74.5382
174.626 -74.5382
173.427 -68.9968
176.316 -50.439
176.807 -50.8018
166.191 -52.2238
160.072 -56.557
160.072 -56.557
162.635 -51.3357
162.635 -51.3357
147.235 -48.9573
147.235 -48.9573
147.764 -47.9973
147.764 -47.9973
143.486 -42.246
154.283 -43.91
154.283 -43.91
167.68 -40.508
167.68 -40.508
175.804 -26.8193
175.804 -26.8193
166.37 -16.532
153.266 -13.9112
161.826 -5.9725
161.826 -5.9725
161.826 -5.9725
161.826 -5.9725
158.512 -0.4987
133.468 17.7475
133.468 17.7475
127.831 12.8072
127.831 12.8072
124.651 15.8185
124.094 20.3542
131.536 22.579
131.367 22.5627
133.525 29.3402
134.165 30.8727
134.165 30.8727
133.604 31.7155
133.604 31.7155
137.662 39.4947
136.105 41.0493
134.048 41.0625
136.9 40.3355
154.451 40.8083
154.451 40.8083
155.07 39.3378
157.85 32.0022
157.479 31.867
161.005 28.5877
172.15 34.9823
171.561 34.9053
176.902 36.8685
176.902 36.8685
179.738 28.1243
-178.133 25.5783
-170.952 20.1753
-168.468 15.9127
-158.526 4.171
-158.526 4.171
-157.128 0.0907
-162.263 -11.0015
-162.263 -11.0015
-162.263 -11.0015
-146.859 -14.8272
-101.524 -13.0173
-101.524 -13.0173
-83.53 -9.0067
-83.53 -9.0067
-83.53 -9.0067
-81.904 -12.0215
-79.4248 -60.0242
-97.9948 -63.6807
-98.7867 -69.0535
-73.6733 -65.0465
-65.3033 -56.5833
-46.7837 -50.8713
-46.7837 -50.8713
-36.6588 -49.8112
-36.6588 -49.8112
-36.6588 -49.8112
-46.0955 -50.6552
-46.8833 -50.9198
-46.8833 -50.9198
-38.1153 -37.8833
-33.641 36.8787
-33.641 36.8787
-33.641 36.8787
-33.641 36.8787
-33.641 36.8787
-33.6675 36.8408
-33.6675 36.8408
-34.4145 37.0355
-35.1987 37.2957
-7.7878 63.351
-5.3418 64.8717
5.3877 67.7852
6.3175 67.2108
6.3063 67.2078
6.1107 67.335
4.9337 67.9507
5.7622 68.7152
7.8753 76.1497
-1.2377 69.8372
-8.6855 69.8892
-8.6967 69.8718
-12.462 68.503
-8.0967 69.2068
-8.2947 67.0557
-11.3043 67.789
-12.471 63.6495
-12.471 63.6495
-44.0375 10.915
-44.0375 10.915
-44.0375 10.915
-44.1963 5.8992
-30.6005 -15.7098
-41.088 -28.287
-41.088 -28.287
-35.5598 -30.0042
-35.9637 -37.6552
-4.4972 -34.985
-4.4972 -34.985
18.0965 -35.8458
15.4485 -35.0662
10.5325 -19.7575
10.5325 -19.7575
9.0467 -19.6458
11.9717 -11.572
11.8953 -11.6517
-19.8513 5.678
-19.8513 5.678
-20.0472 12.4868
-21.3538 17.5072
-14.9987 26.5925
-14.9987 26.5925
-10.776 32.8375
5.2592 37.598
4.7965 40.08
4.7965 40.08
12.9927 39.728
12.9927 39.728
18.1963 35.8478
31.76 34.7622
31.8075 34.872
21.431 35.1617
25.1162 35.9278
25.1162 35.9278
36.0117 43.005
36.0117 43.005
36.0117 43.005
29.6137 42.099
29.6137 42.099
29.416 41.6708
-56.5375 34.4173
-53.353 39.248
-51.6633 40.3608
-60.1575 37.3695
-64.249 31.1868
-67.6667 32.32
-69.396 35.5222
-69.396 35.5222
-76.0928 30.1423
-76.1123 30.1423
-76.1123 30.1423
-75.6127 28.2288
-75.6167 28.2268
-75.6167 28.2268
-75.6167 28.2268
-76.178 29.9105
-76.178 29.9105
-75.599 28.1967
-75.599 28.1967
-75.596 28.195
-75.596 28.195
-46.0817 22.7558
-46.0817 22.7558
-43.5158 22.4813
-43.515 22.9857
-43.515 22.9857
-15.18 26.845
-15.18 26.845
-10.7183 40.96
-10.7183 40.96
-10.7183 40.96
-10.7183 40.96
-10.7183 40.96
-9.2217 47.39
-9.1983 47.3817
-9.1983 47.3817
-8.8103 47.4275
-8.8407 47.8747
-8.8407 47.8747
-23.294 56.1385
-23.2492 56.0522
-22.0582 55.3363
-22.0902 55.2583
-30.576 63.9387
-28.9118 63.3772
-25.9528 62.6163
-29.476 45.5088
-29.476 45.5088
-33.3883 36.7662
-33.3883 36.7662
-33.166 36.5623
-33.166 36.5623
-33.175 36.5432
-27.5017 32.05
-11.6518 31.0287
-11.6518 31.0287
-11.6518 31.0287
-10.801 32.8363
-10.801 32.8363
-68.0413 25.1105
-68.0413 25.1105
-68.047 25.1115
-68.0468 25.1115
-68.0468 25.1115
-68.0468 25.1115
-68.0573 25.035
-68.0573 25.035
-68.0573 25.035
-68.0575 25.0347
-105.686 8.9327
-105.687 8.9245
-106.113 9.0017
-106.105 9.0083
-106.061 9.0235
-105.271 9.1765
-105.109 9.1468
-86.1303 0.5938
-86.1302 0.5888
-86.1303 0.597
-86.1303 0.5988
-86.0703 1.3947
-104.255 8.788
-104.606 8.1132
-105.436 9.0462
-105.436 9.0462
-106.772 9.0335
-106.765 9.0335
170.591 37.9813
170.598 37.9882
170.602 37.992
170.545 42.424
170.543 42.4232
170.379 41.3338
170.379 41.3338
170.021 44.7767
170.021 44.7767
170.02 44.7772
170.02 44.7772
144.102 39.746
144.102 39.746
144.101 39.7478
143.792 39.7348
143.793 39.735
145.558 39.9327
145.666 39.8972
143.232 40.6292
143.236 40.6298
143.247 40.63
143.311 40.6268
143.929 39.7388
143.929 39.7355
143.929 39.7355
144.077 39.7508
144.077 39.7508
144.077 39.7513
136.057 28.9833
136.057 28.9833
136.057 28.984
137.441 29.3275
137.684 28.6375
137.684 28.6375
133.208 25.5227
132.775 24.7007
132.775 24.7007
133.29 18.0147
133.29 18.0147
134.874 16.341
134.874 16.341
136.536 18.0307
140.789 18.0003
143.276 18.0147
148.629 17.6698
148.629 17.6695
143.682 17.907
144.532 18.013
144.532 18.013
145.358 17.8543
145.18 17.9113
145.181 17.9118
145.817 17.8332
146.934 17.8642
147.301 17.8625
147.301 17.8625
147.301 17.8625
147.599 17.669
147.586 17.667
147.686 17.7675
147.688 17.767
165.031 7.2375
165.032 7.2417
174.668 21.3502
173.889 39.8607
178.919 33.8205
178.919 33.8205
179.256 34.191
-120.758 33.8495
-120.118 32.6172
-120.109 32.6235
-120.109 32.6235
-120.548 32.6167
-117.519 28.9077
-117.519 28.9077
-112.496 23.4822
-113.995 23.0058
-113.995 23.0058
-107.063 20.9653
-108.981 22.962
-108.978 22.9593
-109.053 23.0505
-109.064 23.0573
-109.06 23.056
-109.089 23.0405
-111.4 27.0308
-111.399 27.03
-111.399 27.0293
-111.507 27.0968
-111.625 27.846
-111.656 27.9017
-111.508 27.253
-111.508 27.253
-107.994 22.7897
-107.993 22.7897
-107.993 22.7897
-107.993 22.789
-107.992 22.7885
-107.993 22.7895
-107.993 22.7893
-108.748 22.8833
-108.747 22.8832
-108.747 22.8832
-108.743 22.883
-108.393 23.1887
-108.394 23.1858
-107.904 22.7492
-107.904 22.7487
-99.135 15.9228
-99.138 15.9138
-99.1753 15.8535
-99.0277 15.9517
-99.0188 16.2698
-99.0188 16.2698
-99.0565 16.1593
-98.9722 16.029
-98.9453 16.0788
-98.9453 16.0788
-98.9453 16.0788
-98.9255 16.381
-98.9255 16.381
-98.9255 16.381
-90.9328 12.7167
-90.9328 12.7168
-91.0377 12.4963
-90.7952 13.0637
-90.828 12.9872
-90.9157 12.7113
-90.9157 12.7113
-90.9448 12.671
-90.9483 12.6762
-90.9447 12.6705
-90.9505 12.6717
-90.945 12.6742
-90.9415 12.6892
-90.943 12.6842
-90.943 12.6842
-83.7343 1.2272
-79.3797 11.4903
-79.379 11.491
-79.3782 11.4918
-79.3783 11.4913
-95.6368 4.0507
-95.6368 4.0673
-95.6387 4.0503
-83.7322 1.2263
-83.7325 1.2268
-83.7302 1.2272
-83.7315 1.2273
-83.79 1.9133
-83.79 1.9168
-83.7883 1.92
-83.7302 1.2272
-86.0998 0.6098
-86.0913 0.6098
-86.0913 0.6102
-86.0913 0.6077
-86.0913 0.607
-86.0913 0.6098
-86.0913 0.6105
-86.0915 0.6098
-86.0913 0.607
-86.0913 0.6077
-86.09 0.5667
-86.09 0.5667
-86.09 0.5667
-86.09 0.5667
-86.09 0.5667
-86.09 0.5667
-86.09 0.5667
-86.09 0.5667
-86.09 0.5667
-86.09 0.5667
-86.1 0.5333
-86.1 0.5333
-86.1 0.5333
-86.1 0.5333
-86.1 0.5333
-86.1 0.5333
-86.1315 0.589
-86.1315 0.589
-86.1322 0.5888
-86.1315 0.5888
-86.1315 0.5888
-86.41 1.6132
-46.9717 -51.0047
-40.8452 -49.8698
-40.8452 -49.8695
-24.64 -47.5832
-24.64 -47.5832
-26.855 -46.0462
-36.5028 -26.2388
-36.5028 -26.2385
-36.5032 -26.2387
-35.2852 -30.2763
-35.2853 -30.2765
-35.2853 -30.2765
-35.2853 -30.2765
-35.2852 -30.276
-35.2852 -30.2765
-35.285 -30.2765
-38.0412 -30.9468
-38.1353 -29.9737
-11.6662 -26.1367
-11.6662 -26.1367
-11.1857 -25.5233
-11.1857 -25.5233
-10.2645 -26.0738
-10.2598 -26.0757
-5.1297 -26.114
-5.1297 -26.114
-5.1297 -26.114
-2.2513 -28.5522
3.5123 -29.4842
3.5123 -29.4842
3.5123 -29.4845
2.9853 -29.0707
2.9853 -29.0707
2.9853 -29.0707
2.9853 -29.0707
2.9853 -29.0707
2.9853 -29.0707
2.9853 -29.0707
3.138 -30.1227
3.138 -30.1227
3.138 -30.1227
3.138 -30.1227
1.7633 -28.0415
2.324 -28.5248
2.3162 -28.5193
2.768 -28.9305
9.3858 -19.1877
9.3858 -19.1877
9.3862 -19.1877
9.5885 -19.6407
9.5912 -19.64
10.5188 -19.7435
10.5188 -19.744
10.5188 -19.7443
-74.8698 31.26
-74.8698 31.26
-75.3817 28.3433
-75.3817 28.3433
-84.5162 23.708
-85.2097 23.4898
-85.4603 23.9335
-85.171 23.8497
-85.1655 23.8492
-84.4198 23.789
-84.4198 23.7867
-84.3708 23.8288
-46.0817 22.7558
-46.0817 22.7558
-58.7283 15.52
-58.7133 15.517
-58.7133 15.5195
-58.7132 15.52
-58.6537 15.7123
-58.6537 15.7123
-9.405 33.7667
-9.405 33.7667
-9.405 33.7667
-9.3647 33.6643
-9.5643 33.7785
-9.5633 33.7787
-9.3497 33.7807
-9.3497 33.7807
-9.3497 33.7807
-12.164 48.9158
-12.1645 48.9155
-13.098 49.088
-13.0982 49.0882
-13.4395 48.5152
-13.4395 48.5152
-13.4387 48.516
-13.5015 48.9107
-23.2313 56.0427
-23.2313 56.0427
-23.3435 56.0887
-23.3435 56.0887
-23.3435 56.0887
-23.5282 56.2902
-23.5282 56.29
-20.7822 56.5617
-34.6853 38.9397
-32.5597 38.8325
-37.3435 37.77
-37.3435 37.77
-40.9167 35.1242
-38.8427 34.7222
-39.0283 34.785
-41.6793 33.1415
-43.7673 33.6422
-43.7672 33.7393
-83.7302 1.2272
-86.0907 9.7282
-90.6965 12.8057
-90.6998 12.7985
-90.6917 12.8135
-90.6922 12.814
-90.9332 12.716
-90.932 12.7165
-90.8 13.0722
-90.8392 12.9385
-90.8468 12.937
-91.3928 13.2853
-114.142 3.9973
-113.842 1.4348
-113.842 1.4348
-113.842 1.4348
-113.842 1.4348
-113.842 1.4348
-133.309 0.4985
-133.309 0.4985
-133.309 0.4985
-133.33 4.2087
-133.33 4.2087
-133.33 4.2087
-133.33 4.2087
-135.036 5.85
-135.036 5.85
-135.036 5.85
-135.036 5.85
164.276 32.356
164.275 32.3563
164.275 32.3562
157.723 32.4418
157.723 32.4422
157.723 32.4413
151.629 33.926
153.836 38.628
153.838 38.6268
153.976 41.6245
159.796 43.927
133.914 31.7752
133.913 31.775
133.913 31.775
133.857 31.8333
133.854 31.8363
133.854 31.83
133.854 31.83
133.859 31.8293
133.855 31.835
133.855 31.835
133.857 31.8345
143.952 40.4667
143.945 40.4667
143.96 40.4667
159.796 43.9277
159.796 43.9277
159.797 43.924
165.032 7.2417
156.815 13.4833
156.815 13.4833
158.498 -0.4973
158.498 -0.4973
158.498 -0.4973
158.498 -0.4973
161.333 -21.1847
161.227 -26.1117
161.227 -26.1117
161.227 -26.1117
161.227 -26.1117
163.64 -30.712
163.359 -31.167
163.359 -31.167
163.359 -31.167
164.449 -31.5843
164.449 -31.5843
164.449 -31.5843
165.442 -36.4733
167.674 -40.5078
167.674 -40.5078
174.948 -45.5235
174.948 -45.5235
174.948 -45.5235
-165.531 -23.8225
-165.527 -23.8223
-165.527 -23.8223
-165.654 -23.8533
-165.654 -23.8533
-165.654 -23.8533
-83.73 1.2267
-129.77 -18.8063
-129.77 -18.8072
-129.77 -18.8072
-129.77 -18.8072
-124.677 -19.0047
-124.677 -19.0047
-119.881 -19.4515
-119.881 -19.4515
-119.881 -19.4515
-116.84 -18.929
-116.84 -18.929
-116.84 -18.929
-116.841 -18.9283
-116.868 -18.9203
-116.868 -18.9203
-116.868 -18.9203
-116.911 -18.9068
-116.911 -18.9068
-116.911 -18.9068
-70.0283 35.4943
-70.0282 35.4948
-70.0285 35.4952
-70.031 35.4963
-72.5492 38.7132
-72.5607 38.718
-72.6092 38.7422
-35.4998 37.3387
-35.5003 37.3382
-32.9573 41.0012
-32.9573 41.0012
-23.0875 42.8367
-23.0875 42.8367
-24.2382 49.8778
-24.2382 49.8778
-24.2382 49.8778
-24.2382 49.8778
-18.8868 53.2215
-18.8868 53.2215
-18.8868 53.2215
-18.8868 53.2215
-18.8948 53.2245
-18.8948 53.2245
-30.3097 52.8412
-30.3097 52.8412
-30.3183 52.8358
-30.3183 52.8358
-30.3097 52.8412
-30.3097 52.8412
-70.0235 38.4998
-70.0228 35.4997
-70.0227 35.4978
-72.7738 38.8202
-72.5238 38.771
-86.1368 25.068
-86.1368 25.068
-85.9922 25.2223
-85.9925 25.2225
-86.8805 26.8112
-86.881 26.8108
-86.8808 26.811
-88.5278 26.6988
-88.5278 26.6988
-91.2622 27.0113
-91.2622 27.0113
-91.409 27.1935
-91.409 27.1935
-88.3708 26.8353
-88.496 26.731
-88.3803 26.6902
-88.3803 26.6902
-86.2307 25.7682
-86.2772 25.754
-86.2772 25.754
-87.16 28.8317
-87.16 28.8317
-87.16 28.8317
-79.5468 25.6
-79.5468 25.6006
-79.5467 25.6003
-79.5468 25.6003
-78.2942 27.635
-78.2942 27.635
-78.3158 27.5308
-78.3683 27.4065
-78.3405 27.449
-78.3405 27.449
-78.3405 27.449
-75.7427 23.5867
-75.4355 23.8407
-75.4355 23.8407
-75.6235 23.6885
-77.3147 25.3837
-77.332 25.4188
-77.333 25.4197
-77.3058 25.4185
-12.8633 42.0883
-12.1967 42.1533
-12.1967 42.1533
-12.1967 42.1533
-12.2483 42.1433
-12.25 42.1433
-12.2517 42.1433
-12.255 42.1433
-12.2567 42.1433
-12.2583 42.1433
-12.4633 42.0167
-12.1817 42.155
-12.1817 42.155
-12.1817 42.155
2.9283 67.225
2.9283 67.225
2.93 67.22
2.93 67.22
2.93 67.22
1.0333 67.715
4.5767 66.6783
4.5767 66.6783
-64.6543 70.4572
-64.6543 70.4572
-64.6543 70.4572
-64.6562 70.4572
-64.655 70.458
-64.6548 70.458
-64.6548 70.458
-48.3691 58.2093
-48.3691 58.2093
-45.262 53.3313
-45.262 53.3313
-44.9472 22.9218
-44.9471 22.922
-44.9507 23.369
-44.9507 23.369
-44.9507 23.369
-44.9507 23.369
-44.9507 23.369
-44.9507 23.369
-44.9512 23.3693
-44.9512 23.3693
-44.9512 23.3693
-44.9512 23.3693
13.9008 39.3567
13.9008 39.3567
12.7565 40.1505
12.1432 40.355
11.4498 40.2643
11.4492 40.2643
10.6967 40.5793
12.4653 40.1722
12.4655 40.1887
12.1838 40.1844
12.1908 40.1848
-20.9488 21.3315
-20.9488 21.3315
-18.5808 20.7492
-18.5808 20.7492
-18.5808 20.7492
-21.0262 18.0772
-21.0262 18.0772
-21.0262 18.0772
-19.2456 10.0135
-19.2456 10.0135
-19.3861 9.4468
-19.3861 9.4468
-11.7392 -1.3902
-11.7392 -1.3902
-11.8785 -1.1978
-11.8785 -1.1978
-23.2275 0.1073
-23.2275 0.1073
-23.2275 0.1073
-23.2275 0.1073
-19.6678 2.9512
-19.6678 2.9512
-20.1672 3.4973
-21.9113 4.5692
-21.9113 4.5692
-20.927 4.7687
-20.927 4.7687
-44.9471 22.922
-45.0458 23.517
-45.0322 23.1666
-58.7325 15.5258
-58.7325 15.5258
-58.7328 15.528
-58.7313 15.5247
-58.641 15.54
-58.81 15.5317
-58.6415 15.532
-58.8515 15.5382
-58.7168 15.5295
-58.7033 15.5308
-83.7303 1.2269
-83.737 1.2023
-83.737 1.2024
-83.7232 1.2168
-83.7232 1.2168
-78.2653 -11.0587
-78.2723 -11.0633
-78.2722 -11.0635
-78.2722 -11.0638
-78.2723 -11.063
-78.0778 -11.065
-78.0778 -11.065
-78.0778 -11.065
-77.9577 -10.9767
-77.9577 -10.9767
-77.9577 -10.9767
-79.0622 -11.2665
-80.4067 -9.0282
-80.4043 -9.0265
-79.9558 -8.9915
-79.9558 -8.9915
-79.9558 -8.9915
-80.5835 -9.113
-76.8915 -13.4802
-76.8915 -13.4802
-76.9905 -12.863
-76.9905 -12.863
-78.9428 -11.5377
-78.9428 -11.5377
-78.9428 -11.5377
-78.9428 -11.5377
-78.9442 -11.538
3.0999 -64.517
3.0999 -64.517
3.1004 -64.517
3.1004 -64.517
1.2049 -65.1605
1.2049 -65.1605
1.2047 -65.1603
-13.811 -70.742
-13.8093 -70.744
-13.8113 -70.743
-13.8201 -70.7241
-13.8199 -70.7239
-14.5735 -70.8315
-14.5744 -70.8315
-33.4465 -66.847
-33.4471 -66.847
-33.4461 -66.847
-43.4516 -62.3913
-42.9331 -61.8491
-42.9333 -61.8493
-40.2878 -61.8106
-40.2958 -61.8104
-33.0993 -51.459
-30.677 -51.542
-30.2783 -51.533
-30.2781 -51.533
-23.2123 -51.985
-23.2123 -51.985
-23.2117 -51.985
-26.3688 -50.946
-26.3686 -50.946
7.8947 -47.051
7.4208 -46.879
7.4205 -46.88
61.3837 -13.167
61.371 -13.114
61.371 -13.114
61.371 -13.114
59.0168 -7.5453
59.0168 -7.5453
59.0168 -7.5453
59.9438 -5.4558
60.5517 -3.915
60.5517 -3.915
60.5517 -3.915
60.98 -4.3117
60.98 -4.3117
61.163 -2.7427
61.163 -2.7427
73.4063 -4.2165
73.3942 -4.193
73.7867 5.06
73.7867 5.06
73.8313 5.0815
73.2833 4.9333
81.3901 -0.9298
81.3901 -0.9298
81.3901 -0.9298
81.4011 -1.0209
81.4011 -1.0209
81.4011 -1.0209
81.4011 -1.0209
81.4011 -1.0209
81.3995 -0.9608
81.3995 -0.9608
60.744 16.1307
59.8645 16.6778
59.8645 16.6778
59.8645 16.6778
59.7953 16.6218
59.7953 16.6218
57.609 18.0518
57.6081 18.0518
57.609 18.0518
57.7865 18.4625
57.7865 18.4625
57.7865 18.4625
57.7006 18.4873
57.7006 18.4873
57.7006 18.4873
57.3715 17.8161
57.5886 17.768
57.5886 17.768
57.8257 17.6802
57.8257 17.6802
57.9547 17.6446
57.692 17.7314
59.7025 16.4705
59.7025 16.4705
59.7025 16.4705
57.0548 -32.547
57.0548 -32.547
57.0548 -32.547
57.045 -32.548
57.045 -32.548
57.045 -32.548
56.9775 -33.088
56.9775 -33.088
56.9775 -33.088
56.9895 -33.082
57.1302 -32.114
57.13 -32.114
57.104 -32.106
57.104 -32.106
57.129 -32.113
57.129 -32.113
57.135 -32.116
57.2717 -32.722
57.266 -32.7233
71.6615 -49.403
71.6615 -49.403
71.6615 -49.403
73.0324 -50.228
73.0324 -50.228
82.7878 -62.709
82.7878 -62.709
82.7878 -62.709
75.0818 -67.285
75.0818 -67.285
75.0818 -67.285
76.6819 -68.764
76.6819 -68.764
76.3825 -68.387
75.409 -67.553
74.6905 -66.916
80.595 -61.579
80.595 -61.579
80.595 -61.579
85.8542 -59.595
85.8542 -59.595
85.8682 -59.569
76.794 -54.811
76.794 -54.811
76.794 -54.811
78.9981 -58.441
78.9981 -58.441
78.9981 -58.441
76.4075 -58.717
76.4075 -58.717
76.4075 -58.717
81.2403 -57.592
81.2395 -57.592
79.8148 -57.726
93.578 -30.891
93.5775 -30.891
93.5899 -30.839
93.5899 -30.839
93.5665 -30.941
93.5665 -30.941
93.5467 -31.03
87.5968 -27.3555
87.5968 -27.3555
87.5982 -27.3542
87.5974 -27.3548
88.1816 -17.0243
88.1816 -17.0243
88.1802 -17.0231
90.3612 5.3842
90.3612 5.384
90.3611 5.384
115.5602 -16.954
115.5605 -16.954
115.5413 -16.922
115.5411 -16.922
115.535 -16.738
115.535 -16.737
115.535 -16.737
112.2543 -19.887
112.254 -19.887
112.254 -19.887
112.2083 -20.587
112.2087 -20.587
112.2085 -20.587
115.4572 -16.566
115.4572 -16.566
117.5752 -15.976
117.5752 -15.976
117.5752 -15.976
117.5752 -15.976
110.4541 -19.932
123.5034 4.7911
123.5033 4.7915
123.5034 4.7917
121.2193 8
121.2198 8
121.2198 8
121.2942 8.7856
121.2946 8.7853
121.2948 8.7853
123.6706 5.145
123.6683 5.1448
123.6684 5.1448
120.6797 8.6782
119.7022 16.6523
121.6533 20.206
121.653 20.206
121.7346 20.5983
121.7346 20.5983
121.7157 19.8512
121.7157 19.8512
121.7157 19.8512
143.6825 17.9067
148.6881 17.6978
148.6881 17.6978
148.6881 17.6978
148.6881 17.6978
148.6881 17.6978
148.6881 17.6978
146.666 19.499
146.696 19.5125
146.696 19.5125
146.655 19.5418
146.6537 19.5412
146.6535 19.5422
146.6533 19.5425
146.5427 19.6318
141.3142 30.861
141.314 30.86
141.788 30.9643
141.738 30.908
140.92 30.8245
141.226 31.875
141.2265 31.8742
140.7494 32.3757
140.7494 32.3757
140.0038 30.922
140.0031 30.9225
140.0038 30.922
140.0038 30.922
139.9975 30.9201
139.8439 30.9154
139.8443 30.9161
139.837 30.9109
139.8701 30.9165
139.8701 30.9165
140.3807 32.3998
140.3807 32.3998
140.3801 32.3991
140.3797 32.3983
140.3793 32.3994
140.8882 31.1057
140.8881 31.1059
138.231 40.19
138.231 40.19
138.231 40.19
138.967 43.987
138.965 43.987
139.411 42.849
139.414 42.849
134.536 38.616
134.536 38.616
134.536 38.616
138.2324 40.1894
138.2325 40.1754
134.7998 37.0383
134.7996 37.0385
134.7997 37.0385
133.8669 39.2205
133.8665 39.2205
133.8667 39.22
152.3229 21.923
156.3595 18.6428
156.3597 18.642
156.3598 18.6423
153.2103 12.0963
160.54 2.433
160.54 2.433
160.54 2.433
160.541 2.433
161.65 0.937
161.65 0.937
161.65 0.937
160.528 1.228
160.528 1.228
160.5295 1.2282
159.361 0.319
159.361 0.3185
159.361 0.3185
156.625 3.607
156.625 3.607
156.625 3.606
134.9444 32.352
134.9436 32.3514
134.9443 32.3528
134.9429 32.3523
134.9434 32.3517
134.946 32.3524
134.946 32.3524
139.879 31.058
139.8776 31.0579
139.8771 31.0583
139.8778 31.0581
139.8773 31.0584
139.877 31.058
157.846 32.423
157.8458 32.4228
157.846 32.423
148.1573 -16.5163
148.1576 -16.5158
148.1575 -16.5157
149.6052 -17.814
149.6051 -17.814
149.6055 -17.814
149.4945 -17.8326
149.4946 -17.8325
149.5139 -17.8331
149.9918 -19.1506
149.9921 -19.1506
150.0101 -19.1987
150.01 -19.1985
150.0101 -19.1985
149.7582 -18.1583
149.7584 -18.1581
149.7589 -18.1581
149.7585 -18.1583
150.0422 -18.0628
150.0422 -18.0628
146.3248 -16.624
146.3038 -16.637
146.3036 -16.637
146.2896 -16.6465
146.2894 -16.6466
146.2151 -16.423
146.784 -16.6164
146.7842 -16.6164
146.7844 -16.6164
147.7623 -16.4451
147.762 -16.445
147.7625 -16.4451
147.7625 -16.4448
148.1576 -16.5158
148.1576 -16.516
150.0099 -19.2255
166.3519 -15.295
166.3519 -15.295
166.284 -15.288
166.284 -15.288
166.345 -15.315
166.345 -15.315
166.345 -15.315
166.78 -15.95
166.78 -15.95
166.78 -15.95
166.672 -16.009
166.673 -16.009
167.573 -14.796
167.573 -14.796
167.88 -14.876
167.88 -14.876
-177.8623 -18.5676
-177.8623 -18.5675
-177.3027 -18.501
-177.3032 -18.5008
-176.5001 -20.1416
-176.5002 -20.1418
-176.8227 -20.2218
-176.8227 -20.222
-176.89 -20.827
-176.89 -20.8272
-176.7749 -20.6922
-176.775 -20.709
-175.7486 -22.2208
-175.7486 -22.221
-175.7487 -22.2206
-175.2979 -23.3458
-175.2979 -23.3457
-175.298 -23.3453
-159.088 19.336
-159.088 19.336
-159.089 19.336
-159.095 19.342
-159.095 19.342
-159.095 19.342
-83.7303 1.2269
-90.4808 7.9213
-90.4808 7.9213
-90.4808 7.9213
-90.4808 7.9213
-94.5908 9.5825
-94.5896 9.5822
-94.5897 9.5831
-90.818 -3.0949
-90.818 -3.0949
-90.8181 -3.0966
-90.8179 -3.0967
-95.3204 0.1932
-95.3204 0.1932
-95.3198 0.1931
-95.3199 0.1929
-110.4799 -2.9939
-110.4799 -2.9939
-110.4801 -2.9942
-110.4801 -2.9943
-110.5197 0.1831
-110.5197 0.1831
-110.5196 0.1832
-110.5194 0.1832
-110.5214 1.2973
-110.5214 1.2971
-110.5718 2.7704
-110.5718 2.7704
-110.5716 2.7702
-110.5716 2.7702
-110.5715 2.7702
-110.0763 5.2928
-110.0763 5.2928
-110.076 5.2925
-110.0756 5.2925
-109.7514 7.211
-109.7514 7.211
-109.7513 7.2108
-109.7512 7.2108
-109.7512 7.2108
-109.5942 11.2239
-109.5942 11.2239
-109.5941 11.2239
-128.6378 48.4427
-128.6376 48.4428
-128.6387 48.4428
-128.6386 48.4424
-128.6806 48.4367
-128.6802 48.435
-128.6809 48.434
-128.6809 48.4338
-128.6809 48.4335
-128.681 48.4336
-128.681 48.4336
-128.681 48.4337
-128.7134 48.4416
-128.7234 48.4415
-128.7114 48.4414
-128.7108 48.442
-128.7118 48.4569
-128.7091 48.4556
-128.711 48.4556
-128.7088 48.4562
-128.7088 48.4561
-128.7088 48.4562
-128.7088 48.456
-83.7303 1.2269
-75.8528 -45.896
-75.8557 -45.895
-75.7517 -45.886
-75.7517 -45.886
-75.6922 -45.85
-75.6922 -45.85
-75.6922 -45.85
-75.6917 -45.85
-75.8267 -46.508
-75.8267 -46.508
-75.8261 -46.509
-75.7729 -46.237
-75.7729 -46.237
-104.244 9.5142
-104.244 9.5142
-104.2442 9.5142
-179.5556 18.4402
-179.5558 18.4403
-179.5556 18.4404
174.3141 21.3326
174.3145 21.3325
174.3092 21.3494
174.3095 21.3493
174.3094 21.3529
164.7495 11.0002
164.7503 11.0002
162.263 11.3472
162.263 11.3472
172.3443 5.5572
172.3443 5.5573
172.3443 5.5573
162.866 10.0975
162.8666 10.0968
162.8667 10.0977
164.9198 11.8966
164.9205 11.8973
164.9398 12.0036
164.9398 12.0038
164.9411 12.0126
164.9411 12.0126
164.9411 12.0126
164.9318 12.2466
164.9221 12.0191
151.8838 27.319
151.8838 27.319
151.8838 27.319
144.3088 34.1738
144.312 34.2087
161.4915 47.1023
161.4915 47.1023
161.4915 47.1022
161.492 47.1023
167.6 50.3633
167.5996 50.3633
167.7688 51.1983
167.7688 51.1985
167.7687 51.1987
167.7685 51.1987
167.7683 51.1986
167.7681 51.1984
168.3371 51.4504
168.3371 51.4504
168.337 51.4506
168.3366 51.4506
168.3369 51.4506
168.272 44.6883
-168.24 44.6897
-168.24 44.6897
-168.24 44.6897
-148.446 54.3654
-148.446 54.3654
-148.446 54.3656
-148.446 54.3656
-126.6632 48.1668
-126.6632 48.1668
-126.6634 48.1664
-126.8683 48.6993
-126.8732 48.6975
-126.8705 48.8318
-126.8688 48.6997
-126.8815 48.6625
-126.8815 48.6625
-125.3258 44.6441
-125.326 44.6443
-125.3255 44.6439
-125.119 44.6742
-125.1181 44.6756
-125.119 44.674
-125.119 44.674
-125.119 44.674
-120.036 34.2875
-120.036 34.2875
-101.5248 2.3005
-101.5261 2.2993
-101.5257 2.2992
-101.5265 2.3015
-101.5254 2.301
-101.5259 2.2996
-101.5259 2.2996
-101.4461 2.2773
-101.446 2.2773
-101.4462 2.2772
-101.4463 2.2773
-101.4465 2.2798
-101.4465 2.2817
-83.7303 1.2269
-83.7232 1.2168
-12.474 40.8387
-12.474 40.8387
-12.474 40.8388
-12.4752 40.8385
-12.123 40.6841
-12.123 40.6851
-12.2677 40.7722
-12.2677 40.7724
-11.6042 40.6832
-11.0597 40.6746
-72.7725 38.9347
-72.7727 38.9346
-72.7727 38.9346
-72.7729 38.9347
-72.8172 38.9383
-72.8171 38.9384
-72.8171 38.9384
-72.8174 38.9383
-72.7681 38.8634
-72.2837 38.6138
-72.7666 38.9649
12.6982 69.2498
1.3606 78.3852
1.3607 78.3854
3.0729 78.5844
3.073 78.5845
3.0704 78.5849
6.59 80.2647
6.5908 80.2646
6.5905 80.2649
6.5904 80.2646
8.2273 80.4744
8.2273 80.4746
8.2273 80.4747
5.456 79.9592
5.4566 79.9589
5.456 79.9587
-6.9471 75.489
-6.9468 75.4892
-39.7248 63.4623
-39.7247 63.4623
-39.7246 63.4622
-39.7818 63.4714
-39.8067 63.4856
-39.8278 63.4917
-38.6389 63.0928
-38.639 63.0928
-38.6388 63.0929
-38.6389 63.0929
-37.4602 62.67
-37.4603 62.67
-37.4604 62.6699
-45.0173 23.3385
-45.0173 23.3385
-45.0171 23.3384
-45.0174 23.3387
-45.0311 23.541
-45.0307 23.5413
-45.0305 23.5412
-45.0305 23.5407
-45.0313 23.5388
-45.0321 23.5527
-45.0321 23.5228
-45.0316 23.5426
-45.0143 23.541
-45.0144 23.5411
-45.0144 23.5416
-43.4889 4.2042
-43.4891 4.2041
-43.4891 4.2043
-43.4893 4.2043
-43.4889 4.2043
-42.9081 3.7191
-42.9084 3.7191
-42.9084 3.7188
-44.4805 5.4627
-44.4806 5.4629
-44.4806 5.463
-43.748 5.4553
-43.7481 5.4552
-43.7484 5.2731
-43.7399 5.9762
-43.7397 5.9763
-43.7397 5.976
-43.7391 5.9761
-43.74 5.9761
-47.5957 5.0149
-47.5957 5.0149
-47.5958 5.0151
-47.5958 5.0167
-46.633 5.1418
-46.633 5.142
-46.6331 5.1421
-47.0295 5.2114
-47.0295 5.2115
-46.8123 5.0967
-47.681 5.4841
-47.681 5.4837
-47.5648 5.4268
-47.7356 5.6322
-47.2074 4.5958
-47.2074 4.5958
-47.2074 4.596
-47.2074 4.5962
-47.3123 4.6584
-47.3124 4.6584
-47.5033 4.7218
-47.499 4.7217
-47.499 4.7217
-47.5288 5.1432
-48.0288 5.373
-48.0288 5.373
-49.0908 5.7425
-49.091 5.7426
-49.091 5.7424
-47.7805 5.9468
-47.7578 5.9389
-47.7601 5.9376
-47.7556 5.9402
-47.7555 5.9403
-47.9288 6.9503
-47.9193 6.9496
-58.7479 15.5245
-58.7323 15.5259
-58.7322 15.5244
-58.7322 15.5261
-58.7317 15.5243
-58.7143 15.5369
-58.7141 15.536
-58.7142 15.5369
-25.6001 31.1502
-24.8705 32.0316
-24.8706 32.0315
-24.5095 30.7908
-15.1447 28.6504
-15.1447 28.6502
-15.1445 28.6502
-15.5321 28.4366
-15.532 28.4365
-15.2308 27.3258
-16.1633 27.6151
-16.1633 27.6149
-44.8258 26.1366
-44.8258 26.1366
-44.8258 26.1372
-44.8261 26.137
-44.8261 26.137
-44.8261 26.137
-44.8258 26.137
-44.8258 26.1366
-44.8264 26.1372
-44.8264 26.1372
-44.8264 26.1372
-44.8261 26.137
-44.8264 26.137
-44.8258 26.1366
-44.8258 26.1372
-44.8258 26.1372
-44.8261 26.1366
-20.0008 23.999
-20.0008 23.999
-2.7352 3.6277
-2.7356 3.6276
-2.7353 3.6278
-2.7358 3.6276
-2.7336 3.5831
-2.7331 3.5836
-2.7332 3.5839
-3.0585 3.4424
-3.0593 3.4426
-3.182 3.2513
-3.182 3.251
-3.1824 3.251
-3.1816 3.2514
13.1816 37.0323
13.1805 37.0334
13.1793 37.0346
13.1781 37.0358
17.7498 36.2604
17.75 36.2604
17.7501 36.2604
17.75 36.2605
17.75 36.2608
17.7504 36.2606
32.7131 33.918
32.7016 33.7966
32.7015 33.7961
32.7015 33.7963
32.7008 33.7965
32.7008 33.7967
32.7015 33.7976
32.7254 34.0683
32.7254 34.0682
32.7255 34.0712
32.7255 34.0709
32.7254 34.0684
32.7255 34.0708
32.7511 34.3317
32.7512 34.332
32.7535 34.3329
24.8844 33.84
24.883 33.8411
24.8834 33.8387
24.8833 33.8386
24.883 33.841
24.8827 33.8413
24.802 33.7366
24.8116 33.7369
24.791 33.7356
24.7769 33.734
24.7136 33.7032
24.7018 33.7136
24.7018 33.7136
24.6879 33.7239
24.6807 33.727
18.7253 35.7799
18.7254 35.78
18.9482 35.7803
18.9482 35.7802
18.9482 35.7804
18.9482 35.7803
18.948 35.7804
12.1418 40.3561
12.1419 40.356
12.1422 40.3558
12.1421 40.356
4.5098 38.8966
4.5099 38.8964
4.5099 38.8966
4.5101 38.8968
-4.3133 36.2053
-4.3127 36.2052
-4.3123 36.2052
-4.3124 36.2055
-4.3124 36.2054
-1.9553 36.0318
-2.0571 36.2311
-3.2059 35.7238
-12.6983 69.2497
-12.6983 69.2333
-14.7022 55.4848
-14.7023 55.4849
-14.7021 55.4851
-14.6509 55.4772
-14.6508 55.4774
-14.6508 55.4774
-15.8667 57.5165
-15.8666 57.5167
-15.8665 57.5168
-15.8665 57.5168
-23.6406 60.4033
-23.6406 60.4035
-23.6407 60.4036
-24.0823 61.4251
-24.0825 61.4253
-24.0825 61.4254
-24.0826 61.4255
-6.4502 66.9415
-6.45 66.9416
9.0777 77.3406
9.0777 77.3405
9.0777 77.3405
9.0776 77.3401
-17.9374 70.4966
-17.9369 70.4966
-17.9365 70.4965
-17.9363 70.4966
-17.9365 70.4965
-75.93 32.9836
-75.9299 32.9836
-75.916 32.9757
-75.8948 32.963
-75.5459 31.7857
-75.5457 31.7857
-75.5459 31.7857
-75.5458 31.7857
-75.5224 31.8035
-75.5223 31.8036
-76.1909 32.4939
-76.1909 32.4939
-76.1909 32.494
-76.1913 32.4939
-76.1905 32.4939
-75.4686 31.8431
-75.4685 31.8433
-79.8674 16.5537
-79.8674 16.5536
-74.9105 15.7571
-74.9104 15.757
-65.1696 10.7061
-65.1696 10.7061
-65.1694 10.7061
-65.1693 10.7061
-65.1693 10.7061
-82.9361 19.4896
-82.936 19.4898
-78.7393 12.744
-78.7403 12.7433
-79.2607 24.5458
-79.2608 24.546
-79.2608 24.5461
-79.2607 24.546
-79.2492 24.5547
-79.2357 24.5629
-79.2357 24.5628
-79.2357 24.5626
-79.459 24.3998
-79.4592 24.3998
-79.4593 24.3999
-79.4593 24.3999
-79.3223 24.5044
-79.3223 24.5044
-79.3225 24.5042
-79.0835 23.6107
-79.05 23.614
-128.792 47.9173
-128.749 47.9087
-128.752 47.9046
-128.75 47.9089
-128.648 47.8875
-128.65 47.8833
-128.648 47.8875
-127.759 47.7626
-127.759 47.7627
-127.753 47.771
-127.73 47.7569
-127.73 47.7569
-127.731 47.7565
-128.504 47.858
-128.376 47.8317
-128.561 47.8975
-128.561 47.8975
-128.566 47.89
-128.122 47.7796
-123.5034 48.5906
-123.5033 48.5907
-123.5033 48.5907
-123.5033 48.5906
-123.5 48.6333
-123.5 48.6333
-123.5 48.6334
-123.5 48.6333
-123.4999 48.6333
-128.682 48.4337
-128.681 48.4332
-128.681 48.4332
-128.68 48.4337
-128.6809 48.4328
-128.681 48.4331
-128.6819 48.4337
-128.6819 48.4305
-128.7097 48.4562
-128.7101 48.4564
-128.7105 48.4566
-127.5152 40.9549
-127.515 40.955
-127.4943 41.0003
-127.4978 41.0004
-127.4934 41.003
-127.4936 41.0024
-127.4941 41
-127.4881 40.9955
-127.4881 40.9954
-127.4942 41.0001
-127.4927 40.9981
-128.681 48.4337
-128.7108 48.442
-128.7088 48.456
-86.2001 9.6399
-86.2 9.64
-86.2 9.6397
-86.2 9.6395
-86.1791 9.6617
-86.1791 9.6617
-86.1789 9.6616
-86.1793 9.6619
-86.1792 9.6621
-86.1165 9.7337
-86.1163 9.7337
-86.1157 9.7331
-86.1126 9.6558
-86.1123 9.6555
-86.112 9.6552
-86.186 9.6545
-86.1857 9.6543
-58.6413 15.5399
-58.7237 15.5373
-58.7143 15.5365
-58.7032 15.5306
-58.6763 15.5338
-76.1122 30.1424
-76.1121 30.1424
-76.1121 30.1423
-76.235 30.1
-76.2349 30.1
-76.235 30.0999
-76.3576 30.0529
-76.3578 30.0531
-76.6266 29.9515
-76.6268 29.9513
-76.6268 29.9513
-76.6269 29.9513
-76.6268 29.9513
-76.6268 29.9513
-76.5236 29.9923
-76.5236 29.9923
-76.2833 33
-76.2833 32.9997
-76.2833 32.9995
-76.2862 32.784
-76.2863 32.784
-76.2863 32.7843
-76.2863 32.7845
-76.2863 32.7849
-76.33 32.485
-76.33 32.485
-76.3302 32.4852
-76.3304 32.4854
-76.0792 32.0292
-76.0792 32.0289
-76.0792 32.0286
-75.4301 31.6903
-75.4301 31.69
-75.43 31.6898
-75.4188 31.6744
-75.4185 31.6742
-75.4183 31.674
-74.4665 30.76
-74.4665 30.7598
-74.4665 30.7595
-73.5999 29.975
-73.5999 29.9753
-73.5999 29.9753
-73.5998 29.9755
-73.5999 29.9759
-74.407 28.2464
-74.407 28.2465
-74.4069 28.2466
-74.4069 28.2463
-74.4176 28.2461
-74.4177 28.2462
-74.4104 28.2459
-74.4103 28.2459
-57.615 33.6867
-57.615 33.6865
-57.6151 33.6864
-57.6151 33.6862
-57.0765 32.5453
-11.2954 40.7241
-11.5871 40.6825
-11.5958 40.6825
-11.612 40.6826
-11.7772 40.7269
-12.7238 40.7963
-72.7281 39.3824
-72.728 39.3825
-72.7281 39.3825
-72.7281 39.3824
-72.7281 39.3824
-72.7157 39.3822
-72.7156 39.3823
-72.6946 39.3656
-72.6944 39.3655
-72.6941 39.3653
-72.6942 39.3654
-72.2758 39.2254
-46.1123 22.7805
10.075 -4.7853
10.075 -4.7853
10.0752 -4.7853
11.1015 -5.0689
11.1015 -5.0689
11.1018 -5.0689
11.1019 -5.0689
10.4366 -5.18
10.4364 -5.18
10.4361 -5.18
13.4002 -11.9202
13.4003 -11.9205
13.4003 -11.9208
13.4003 -11.9211
13.3091 -11.9296
13.309 -11.9295
13.3094 -11.9299
10.8201 -16.5597
10.8201 -16.5599
11.3193 -19.6197
11.3193 -19.62
11.3194 -19.6202
11.8206 -21.094
11.8205 -21.0942
11.8206 -21.0945
11.2179 -20.8947
11.2179 -20.895
11.2179 -20.8952
11.2179 -20.8952
13.0278 -25.5139
13.0278 -25.5137
13.0278 -25.5134
13.9901 -29.3744
13.9898 -29.3744
15.6604 -31.5527
15.6601 -31.5527
15.3109 -31.4647
15.3109 -31.465
15.3109 -31.4652
15.3109 -31.4655
57.266 -32.7232
13.5628 -41.1361
13.5628 -41.1361
13.5629 -41.1361
9.8941 -40.9364
9.8941 -40.9364
9.894 -40.9361
9.8937 -40.9364
8.8997 -42.9137
8.8997 -42.9137
8.8998 -42.9135
8.9 -42.9136
8.8999 -42.9136
5.9187 -47.0947
5.9187 -47.0947
5.9194 -47.0948
5.9194 -47.0948
5.9192 -47.0949
7.0799 -46.4118
7.0799 -46.4118
7.0799 -46.4116
7.0798 -46.4117
5.8654 -49.9766
5.8655 -49.9765
5.8658 -49.9766
5.8656 -49.9765
5.8656 -49.9763
5.8656 -49.9763
5.1304 -53.1802
5.1305 -53.1804
5.1301 -53.1805
5.1303 -53.1803
-78.4873 -66.9854
-78.4878 -66.9854
-78.4883 -66.9854
-78.4881 -66.9854
-76.9632 -67.5668
-76.9635 -67.5668
-76.9638 -67.5668
-70.7564 -66.3928
-64.2078 -64.8621
-64.208 -64.8619
-64.2078 -64.8618
-64.3153 -64.9451
-64.3153 -64.9451
-65.7057 -63.8834
-65.7058 -63.8835
-65.7061 -63.8833
-65.7059 -63.8834
-70.2612 -64.3722
-65.8582 -63.8028
-65.8579 -63.8028
-65.8582 -63.8023
-65.8565 -63.8012
-65.4653 -63.9995
57.2642 -32.7221
57.2642 -32.7221
57.2642 -32.7221
57.2642 -32.7221
57.2642 -32.7221
57.2775 -32.7189
57.2643 -32.722
57.2643 -32.722
57.2643 -32.722
57.2643 -32.722
57.2643 -32.722
88.1808 -17.0237
151.6252 -9.7451
151.6257 -9.7454
151.5731 -9.5065
151.5732 -9.5066
151.5732 -9.5065
151.5726 -9.5063
151.5752 -9.7267
151.5751 -9.7268
151.575 -9.7267
151.5754 -9.7265
151.5756 -9.7177
151.612 -9.7458
151.6119 -9.7458
151.6123 -9.7575
151.5751 -9.7935
151.5742 -9.1898
151.574 -9.1897
151.5737 -9.1897
151.5751 -9.8656
151.5491 -9.7754
151.5492 -9.7754
151.5491 -9.7753
151.5737 -9.5852
172.3933 -44.7555
172.3933 -44.7555
172.3936 -44.7555
173.3717 -50.0634
173.3717 -50.0634
173.3717 -50.0636
173.3717 -50.0637
176.9977 -50.8979
176.9977 -50.8979
-177.3935 -46.5797
-177.3937 -46.5797
-177.3937 -46.5797
-171.499 -41.7862
-171.499 -41.786
-171.499 -41.7858
-176.5316 -39.4984
-176.5316 -39.4984
-176.5316 -39.4984
-176.5315 -39.4981
-178.1665 -42.5499
-178.1665 -42.5497
128.0666 -33.5094
128.0665 -33.5094
128.0668 -33.5094
128.0664 -33.5094
128.4813 -33.3574
128.4813 -33.3575
127.5907 -34.3911
127.5908 -34.3912
127.591 -34.3911
127.5909 -34.3909
128.4812 -33.2898
128.481 -33.2896
128.4813 -33.2966
128.4811 -33.2965
127.6023 -33.4202
127.6021 -33.4202
127.6021 -33.42
128.4812 -33.3261
128.4809 -33.3259
127.6022 -33.3159
127.6022 -33.3162
127.6021 -33.316
128.9051 -33.5395
128.9053 -33.5396
128.9053 -33.5398
127.264 -33.5287
127.264 -33.529
84.2735 -59.6999
84.8348 -59.6516
68.0935 -56.833
75.9749 -53.5518
63.9365 -50.1851
68.4916 -46.2766
97.1282 -32.2266
97.1255 -32.2324
113.285 9.362
113.2851 9.3619
113.2853 9.3619
117.4189 20.053
117.4191 20.053
117.4192 20.053
117.6311 19.584
117.631 19.584
117.6308 19.584
116.2727 19.4567
116.2729 19.4567
116.2731 19.4567
116.5545 18.8351
116.5547 18.8351
116.5547 18.8351
116.5655 18.8361
116.5658 18.8362
143.3513 31.342
143.351 31.3422
143.351 31.3425
143.4004 31.3132
156.3598 18.6423
156.3608 18.6423
143.3319 39.1819
143.3324 39.1819
143.3316 39.182
143.3316 39.182
143.3344 38.752
143.3336 38.7521
143.334 38.7503
143.3341 38.7502
67.2191 -64.3796
67.2191 -64.3796
67.2181 -64.3795
74.7869 -67.6962
74.7878 -67.6964
72.2842 -66.4002
72.2835 -66.3998
144.4127 -42.6097
144.4127 -42.6095
144.4127 -42.6092
145.2368 -47.0653
146.0498 -47.1507
146.0497 -47.1506
146.0498 -47.1504
146.0497 -47.1502
149.1115 -48.4999
149.1114 -48.4998
149.1118 -48.5
149.112 -48.5
149.9283 -43.9598
149.9283 -43.9596
149.9285 -43.9595
149.9286 -43.9592
135.0251 32.2444
134.9565 32.3423
134.9564 32.3423
134.6446 32.5981
134.6657 32.5783
134.0119 31.6525
134.4795 32.731
134.4797 32.731
159.9631 41.0798
159.9631 41.0798
159.9631 41.0798
159.9631 41.0802
159.9633 41.0795
157.015 -1.177
164.233 -5.0111
161.6677 -0.3576
161.6675 -0.3576
159.8442 -0.6798
161.4513 0.9425
151.6699 -3.7283
151.67 -3.7283
151.6696 -3.7282
151.6696 -3.7278
151.6698 -3.7281
151.6698 -3.7281
151.6749 -3.7207
151.6751 -3.7206
151.6754 -3.7207
151.6764 -3.7215
151.6769 -3.7219
151.6768 -3.7217
151.6723 -3.7268
152.4043 -20.5718
152.4043 -20.5718
151.7922 -20.2417
151.7924 -20.2417
151.7923 -20.2416
151.983 -20.2425
151.9832 -20.2426
152.6705 -20.4047
152.6707 -20.4047
152.8585 -21.0062
152.8587 -21.0062
153.0655 -21.0762
153.0657 -21.0762
152.7332 -20.9655
152.7334 -20.9655
152.9158 -20.9782
146.0031 13.7834
146.0033 13.7834
146.0029 13.7845
146.0029 13.7841
146.0031 13.7834
146.0031 13.7836
135.0992 19.298
135.0992 19.298
135.099 19.298
135.0992 19.2969
135.0992 19.2976
122.5 24.8041
122.5001 24.8041
122.5003 24.804
122.5004 24.8041
135.0247 32.2447
135.0244 32.245
134.945 32.3536
134.945 32.3536
167.7399 50.95
167.7727 51.1946
167.7737 51.194
170.3783 41.3333
172.1459 34.9258
162.7509 37.7905
162.7509 37.7906
158.2016 36.1272
158.5059 32.6517
158.5059 32.6518
158.5061 32.6517
158.2594 32.2235
158.2594 32.2237
157.85 32.0022
157.85 32.0023
157.85 32.002
157.7117 32.4483
157.7117 32.4484
157.2977 31.5773
157.2977 31.5776
157.4786 31.8671
-147.9332 26.0296
-147.9332 26.0294
-139.4798 21.4527
-139.4798 21.4528
-138.1 16.8669
-138.1 16.867
-138.1 16.8671
-135.3667 8.8894
-135.3667 8.8896
-135.3667 8.8898
-142.0157 7.8002
-142.0157 7.8003
-142.7582 10.1767
-142.7584 10.1767
-142.7586 10.1767
-143.6942 12.0333
-143.6942 12.0331
-143.6942 12.0331
-143.6942 12.0329
-143.8891 13.8163
-143.8889 13.8163
-155.6543 22.9735
-141.9792 27.8895
-141.9792 27.8895
-141.9793 27.8895
-141.9792 27.8895
-141.9793 27.8894
-141.9793 27.8894
-110.5715 2.7708
-110.5715 2.7709
-110.5715 2.771
-90.818 -3.0945
-90.818 -3.0945
-90.818 -3.0941
-90.818 -3.0941
-90.818 -3.094
-79.9558 -8.9911
-79.9558 -8.9909
-79.9558 -8.9908
-79.956 -8.9908
-79.956 -8.9907
-78.0778 -11.0645
-78.0777 -11.0644
-78.0778 -11.0642
-78.0779 -11.0642
-78.0778 -11.064
-77.9576 -10.9762
-77.9576 -10.9762
-77.9578 -10.9761
-77.9578 -10.9761
-77.958 -10.9761
-80.5835 -9.1125
-80.5835 -9.1124
-80.5835 -9.1123
-80.5835 -9.1122
-80.5835 -9.1121
-81.904 -12.0211
-81.904 -12.0211
-81.904 -12.0209
-81.904 -12.0207
-81.904 -12.0205
-75.9014 -39.8912
-75.9013 -39.8909
-75.9014 -39.8907
-74.45 -41
-74.45 -41
-74.4499 -41
-74.4498 -41.0002
-74.4497 -41.0002
-73.6818 -36.2192
-73.6817 -36.2192
-73.6816 -36.2193
-73.5665 -36.1598
-73.5664 -36.1599
-73.5663 -36.16
-81.436 -21.359
-81.4361 -21.359
-81.4362 -21.359
-76.378 -16.007
-76.378 -16.007
-76.3781 -16.007
-76.3782 -16.007
-82.7823 -1.8718
-82.7822 -1.8718
-82.7821 -1.8718
-82.0808 -0.672
-82.081 -0.672
-82.0812 -0.672
-86.4625 0.0218
-86.4626 0.0218
-86.4627 0.0218
-86.4628 0.0218
-86.4445 5.8428
-86.4447 5.8428
-86.4449 5.8428
-83.6067 7.8559
-83.6069 7.8559
-83.6071 7.8559
-83.6072 7.8559
-110.0763 5.3009
-110.0709 5.3009
-125.1198 44.5862
-125.1199 44.5862
-125.1198 44.5863
-125.1198 44.5864
-125.1195 44.5862
-125.1195 44.5862
-125.1491 44.5862
-125.1491 44.586
-125.1489 44.5862
-125.1488 44.5862
-125.1493 44.5862
-125.1357 44.5861
-125.1354 44.5861
-125.1502 44.5777
-125.1513 44.5776
-125.1526 44.5742
-125.1525 44.5743
-125.1525 44.5742
-125.1474 44.5704
-125.1474 44.5702
-125.1473 44.5706
-125.1473 44.5704
-125.1473 44.5704
-125.1473 44.5705
-125.1474 44.5701
-125.1473 44.5702
-125.1474 44.5702
-125.1474 44.5702
-125.1473 44.5702
-125.1474 44.5702
-125.1503 44.5686
-125.1499 44.5686
-125.1503 44.5688
-125.1503 44.5684
-125.1503 44.5685
-125.15 44.5686
-125.0742 44.5703
-125.074 44.5703
-125.0739 44.5701
-125.0739 44.5701
-125.0739 44.5702
-125.074 44.5703
-125.0739 44.5702
-125.0742 44.5701
-125.0928 44.5861
-86.1906 9.6476
-86.1791 9.6616
-86.1788 9.662
-86.1858 9.6545
-91.9343 6.7365
-91.9343 6.7365
-91.9343 6.7363
-91.9344 6.7361
-54.342 9.4538
-54.3418 9.4536
-54.3416 9.4534
-54.7333 9.4333
-54.733 9.4333
-54.7328 9.4333
-54.2 9.3
-54.1991 9.3008
-54.1995 9.3004
-54.5439 9.2658
-54.5442 9.2655
-54.3173 9.0486
-54.3175 9.0486
1.577 -27.186
1.577 -27.1858
1.577 -27.1857
2.7795 -28.5328
2.7794 -28.5327
2.7796 -28.5331
2.7797 -28.5332
2.8455 -28.5327
2.8455 -28.5325
2.8455 -28.5323
2.6393 -28.835
2.6391 -28.835
2.6389 -28.835
2.6395 -28.835
2.3435 -28.5427
2.3435 -28.5425
2.3435 -28.5423
1.711 -28.098
1.711 -28.0982
-45.0773 14.8459
-45.0612 14.9327
-45.062 14.9327
-45.0724 14.9323
-44.8887 14.7224
-44.8871 14.7211
-44.8848 14.7214
-44.8847 14.7212
-44.9481 15.037
-44.9485 15.0365
-44.9717 15.0944
-46.6812 15.4996
-46.6811 15.4997
-46.6814 15.4986
-46.6764 15.6478
-46.9035 15.7415
-46.9035 15.7414
-46.9036 15.7407
-46.9036 15.7407
-44.7858 45.4053
-44.3767 45.1967
-127.7639 47.7535
-127.7638 47.7538
-127.7633 47.7547
-127.763 47.7546
138.4606 87.9036
139.365 87.9212
139.535 87.9333
136.1774 87.8666
136.1746 87.867
136.1897 87.8678
-45.6379 50.1664
-45.6382 50.1666
-45.6385 50.1668
-45.6387 50.167
-45.639 50.1672
-45.687 50.2067
-45.6866 50.2064
-33.5297 53.0567
-33.5295 53.0565
-33.5292 53.0564
-33.529 53.0563
-48.5307 57.4751
-48.5302 57.4751
-48.5297 57.4751
-45.6431 58.2371
-45.6426 58.2371
-45.6421 58.2371
-45.6417 58.2371
-46.4005 58.5058
-46.4009 58.506
-24.2381 49.8778
-24.2385 49.8778
-24.2381 49.8781
-24.2381 49.8783
-24.2381 49.8783
-24.2385 49.8783
-42.1185 30.1685
-42.1185 30.1685
-42.1187 30.1685
-42.1186 30.1687
-42.1186 30.1687
-42.12083 30.17
-42.10533 30.17567
-42.10533 30.17567
-42.0654 30.1914
-42.0653 30.1914
-42.0698 30.1768
-42.0703 30.1777
-42.1186 30.1687
-23.0875 42.8367
-23.0878 42.8369
-32.9573 41.0011
-32.9573 41.0014
-32.957 41.0013
-32.957 41.0011
-27.8885 56.3647
-27.8885 56.3649
-27.8881 56.3649
2.9374 67.2123
-11.7301 51.3759
-11.7302 51.376
-11.7299 51.3757
-11.7185 51.3808
-11.7182 51.3807
-11.7179 51.3805
-11.7182 51.3805
-11.7176 51.38
-11.5503 51.436
-11.5503 51.4358
-11.5507 51.4358
-94.4032 27.2663
-94.4032 27.2664
-94.3876 27.3013
-94.3875 27.3015
-94.3989 27.2757
-89.0252 28.0994
-89.025 28.0994
-89.0254 28.0994
-89.0252 28.0996
-89.0725 28.0912
-89.1393 28.0798
-89.1391 28.0797
-89.1395 28.0797
-91.9345 6.735
-149.55087 -17.76649
-149.55087 -17.76649
-149.55079 -17.76652
-149.55079 -17.76652
-149.55075 -17.76653
-149.55085 -17.76691
-149.55068 -17.76592
-149.55113 -17.76577
-149.55021 -17.76592
-149.40718 -17.49367
-149.40343 -17.48862
-149.40340 -17.48858
-149.40347 -17.48854
-149.40335 -17.48858
-149.40353 -17.48857
-149.40279 -17.48996
-149.40267 -17.48949
-149.40183 -17.49048
-149.40206 -17.48949
-149.54749 -17.76740
-149.54743 -17.76739
-149.54760 -17.76755
-149.54755 -17.76755
-149.54738 -17.76687
-149.54826 -17.76735
-149.59865 -17.53466
-149.59879 -17.53402
-149.40281 -17.48901
-149.40282 -17.48904
-149.40448 -17.48785
-149.40461 -17.49028
-149.40464 -17.49031
-149.40393 -17.48819
-149.40403 -17.48802
-149.40415 -17.48810
-149.40251 -17.48931
-126.9832 48.6448
-126.9833 48.6449
-126.9835 48.645
-126.9835 48.645
-127.0505 48.6273
-127.0504 48.6273
-127.0504 48.6273
-127.0507 48.6271
-126.8653 48.6981
-126.8652 48.6981
-126.8652 48.6981
-126.8651 48.6983
-126.8649 48.6983
-126.8504 48.6679
-126.8509 48.6675
-126.8507 48.6676
-126.8503 48.6678
-126.8498 48.668
-126.6785 48.7895
-126.6787 48.7896
-126.6787 48.7896
-126.6786 48.7894
-126.6786 48.7898
-91.9343 6.7365
-73.621646 39.634091
-73.620800 39.635066
-73.616619 39.639419
-73.497266 39.565720
-73.496050 39.567083
-73.492317 39.571200
-73.413238 39.519533
-73.418144 39.514094
-73.408025 39.525037
